(78, 209, 79)    (63, 118, 247)   (92, 175, 95)    (243, 73, 183)   (210, 109, 104)   (252, 101, 119) 
(224, 191, 182)  (108, 89, 82)    (80, 196, 230)   (112, 156, 180)  (176, 178, 120)   (142, 151, 142) 
(117, 189, 149)  (171, 231, 153)  (149, 164, 168)  (107, 119, 71)   (120, 105, 138)   (163, 174, 196) 
(163, 222, 132)  (187, 117, 183)  (92, 145, 69)    (158, 143, 79)   (220, 75, 222)    (189, 73, 214) 
(211, 120, 173)  (188, 218, 244)  (214, 103, 68)   (163, 166, 246)  (79, 125, 246)    (211, 201, 98) 

(78, 209, 79)    (63, 118, 247)   (92, 175, 95)                     (210, 109, 104)   (252, 101, 119) 
(224, 191, 182)  (108, 89, 82)    (80, 196, 230)   (112, 156, 180)                    (142, 151, 142) 
(117, 189, 149)  (171, 231, 153)  (149, 164, 168)                   (120, 105, 138)   (163, 174, 196) 
(163, 222, 132)  (187, 117, 183)                   (158, 143, 79)   (220, 75, 222)    (189, 73, 214) 
(211, 120, 173)  (188, 218, 244)                   (163, 166, 246)  (79, 125, 246)    (211, 201, 98) 


R:
78      63      92      243     210     252
224     108     80      112     176     142
117     171     149     107     120     163
163     187     92      158     220     189
211     188     214     163     79      211

G:
209     118     175     73      109     101
191     89      196     156     178     151
189     231     164     119     105     174
222     117     145     143     75      73
120     218     103     166     125     201

B:
79      247     95      183     104     119
182     82      230     180     120     142
149     153     168     71      138     196
132     183     69      79      222     214
173     244     68      246     246     98